
c(2.01406929352485, 2.05200228749368, 1.59220127737521, 2.11857677889554, 
1.58959119514422, 1.83515558420601, 1.80466579349478, 1.89184801134957, 
1.18738247206759, 1.54005388256808, 1.43519614060592, 1.31080278002911, 
1.44263679564895, 1.21521371270175, 1.35777761124274, 1.1276398612406, 
1.12866776023257, 1.09869810513793, 1.22494095410461, 1.33826702266254, 
1.8341611573939, 1.15859779239467, 1.21706172120325, 1.36460588086738, 
1.11286734555878, 1.11756236659401, 1.08029572064494, 1.11035384001846, 
2.28147809651058, 1.10363529840263, 1.14733443538171, 1.7470377280057, 
1.11580372934962, 2.05960088170172, 1.117440521914, 1.02009379327335, 
1.85956349192515, 1.43215745717868, 1.71546116128757, 1.01377876994146, 
1.34274490486677, 1.51492397326033, 1.76666796475627, 2.53387970033378, 
1.67990915097333, 1.3573157599199, 2.06434918735866, 2.20026486210776, 
2.14404635686421, 2.51118255691496, 2.00891885560945, 2.18712494311942, 
2.16509165520401, 2.02872425696761, 1.41299713030808, 2.15521555316221, 
2.41684365048705, 2.20843436497236, 2.39988611021412, 2.20703068908405, 
1.19080012502247, 1.17324297690366, 2.22998983293484, 2.76206917487714, 
2.5155111207664, 2.79309206496651, 2.00508572471078, 2.56916506687591, 
1.76606443079933, 2.61412847372041, 2.35116271572711, 2.65139724314655, 
2.16902487902769, 2.17809303410084, 1.91480490234418, 2.6955694052364, 
2.47295870568802, 3.65150328372732, 2.76598409827587, 1.57414684156376, 
2.26153308859816, 1.9841586851661, 3.00901969426764, 1.77854249157594, 
2.33844259565932, 1.67447892947303, 2.19452187951137, 2.75918674350073, 
1.10983185421972, 2.69111245132375, 2.36605238944886, 1.42364908749995, 
2.72288821766116, 2.73966662876097, 2.59154202984332, 1.44006896787089, 
1.78429530487014, 1.42520304185346, 2.33001890318195, 2.12735981749886
)


arcturns<-c(2.01406929352485, 2.05200228749368, 1.59220127737521, 2.11857677889554, 
1.58959119514422, 1.83515558420601, 1.80466579349478, 1.89184801134957, 
1.18738247206759, 1.54005388256808, 1.43519614060592, 1.31080278002911, 
1.44263679564895, 1.21521371270175, 1.35777761124274, 1.1276398612406, 
1.12866776023257, 1.09869810513793, 1.22494095410461, 1.33826702266254, 
1.8341611573939, 1.15859779239467, 1.21706172120325, 1.36460588086738, 
1.11286734555878, 1.11756236659401, 1.08029572064494, 1.11035384001846, 
2.28147809651058, 1.10363529840263, 1.14733443538171, 1.7470377280057, 
1.11580372934962, 2.05960088170172, 1.117440521914, 1.02009379327335, 
1.85956349192515, 1.43215745717868, 1.71546116128757, 1.01377876994146, 
1.34274490486677, 1.51492397326033, 1.76666796475627, 2.53387970033378, 
1.67990915097333, 1.3573157599199, 2.06434918735866, 2.20026486210776, 
2.14404635686421, 2.51118255691496)

prturns<-c(0.96602918846993, 1.00292176895948, 0.969881675675097, 1.01442966353941, 
0.960377336016689, 1.00915546323432, 1.02749234730698, 0.928618405356601, 
0.961863038764031, 0.966740473378512, 0.914996944911752, 0.965090650944542, 
1.16910985888681, 0.955369143523677, 0.913677860890487, 0.928239060879333, 
0.935873605833418, 0.888685631274874, 1.01401160851528, 0.882215534198271, 
0.913419464711623, 0.968973312307287, 0.886673502617682, 0.913048687628153, 
0.884940367776845, 0.884543413536493, 0.921333065761399, 0.870838864799058, 
0.855958269231666, 0.940842388863301, 0.884016749731972, 0.872194610762057, 
0.896275487994459, 0.898820551098102, 0.832667705700173, 0.850668669717293, 
0.84946513802806, 0.852061991219726, 0.885258725257634, 0.872523761572465, 
0.861523804707454, 0.857392959790792, 0.882467986171021, 0.877410267054491, 
0.837018574187718, 0.865934077047346, 0.819101631093994, 0.940555786139096, 
0.860179698432074, 0.811406040541122)

pcocks<-structure(list(band = c("08CA26", "08CA27", "08CA28", "08CA29", 
"08CA30", "08CA31", "08CA32", "08CA33", "08CA34", "08CA35", "08CA36", 
"08CA37", "08CA38", "08CA39", "08CA40", "08CA41", "08CA42", "08CA43", 
"09CA20", "09CA22", "09CA23", "09CA24", "09CA27", "09CA29", "09CA32", 
"09CA33", "09CA35", "09CA36", "09CA39", "09CA40", "09CA42", "09CA43", 
"09CA45", "09CA46", "09CA47", "09CA48", "09CA49", "10CA26", "10CA50", 
"10CA52", "10CA53", "10CA54", "10CA55", "10CA57", "10CA59", "10CA60", 
"10CA62", "10CA63", "10CA64", "10CA67", "10CA69", "10CA71", "10CA72", 
"10CA73", "10CA75", "10CA99"), year = c(2008L, 2008L, 2008L, 
2008L, 2008L, 2008L, 2008L, 2008L, 2008L, 2008L, 2008L, 2008L, 
2008L, 2008L, 2008L, 2008L, 2008L, 2008L, 2009L, 2009L, 2009L, 
2009L, 2009L, 2009L, 2009L, 2009L, 2009L, 2009L, 2009L, 2009L, 
2009L, 2009L, 2009L, 2009L, 2009L, 2009L, 2009L, 2010L, 2010L, 
2010L, 2010L, 2010L, 2010L, 2010L, 2010L, 2010L, 2010L, 2010L, 
2010L, 2010L, 2010L, 2010L, 2010L, 2010L, 2010L, 2010L), maleIDno = structure(c(21L, 
22L, 23L, 24L, 25L, 26L, 27L, 28L, 29L, 30L, 31L, 32L, 33L, 34L, 
35L, 36L, 37L, 38L, 29L, 39L, 26L, 40L, 22L, 24L, 27L, 28L, 30L, 
31L, 34L, 35L, 37L, 38L, 25L, 41L, 42L, 43L, 44L, 45L, 29L, 37L, 
34L, 46L, 47L, 22L, 24L, 35L, 27L, 28L, 44L, 30L, 25L, 26L, 39L, 
38L, 48L, 49L), .Label = c("m101", "m102", "m103", "m104", "m105", 
"m106", "m107", "m108", "m109", "m110", "m111", "m112", "m114", 
"m115", "m116", "m117", "m118", "m119", "m120", "m121", "m122", 
"m123", "m124", "m125", "m126", "m127", "m128", "m129", "m130", 
"m131", "m132", "m133", "m134", "m135", "m136", "m137", "m138", 
"m139", "m141", "m142", "m143", "m144", "m145", "m146", "m147", 
"m148", "m149", "m150", "m151"), class = "factor"), trainl = c(112, 
114, 119, 134, 116, 120, 117, 122, 129, 109, 128, 122, 130, 115, 
136, 122, 134, 128, 119, 137, 118, 119, 109, 126, 117, 131, 108, 
130, 104, 118, 135, 128, 134, 115, 116, 128, 137, 87, 104, 118, 
117, 123, 124, 114, 116, 123, 105, 104, 121, 115, 130, 116, 123, 
136, 114, 113), traindate = c(52L, 52L, 52L, 53L, 53L, 55L, 57L, 
57L, 58L, 58L, 58L, 58L, 59L, 60L, 61L, 62L, 52L, 63L, 51L, 52L, 
51L, 51L, 50L, 48L, 50L, 51L, 52L, 51L, 53L, 50L, 50L, 52L, 52L, 
52L, 53L, 60L, 57L, 30L, 35L, 35L, 67L, 53L, 50L, 56L, 36L, 67L, 
36L, 37L, 48L, 55L, 48L, 50L, 50L, 70L, 50L, 48L)), .Names = c("band", 
"year", "maleIDno", "trainl", "traindate"), class = "data.frame", row.names = c(116L, 
124L, 130L, 134L, 136L, 145L, 148L, 152L, 159L, 164L, 168L, 172L, 
180L, 181L, 187L, 191L, 197L, 205L, 220L, 224L, 229L, 235L, 239L, 
245L, 248L, 252L, 257L, 265L, 267L, 272L, 277L, 285L, 290L, 291L, 
299L, 303L, 310L, 314L, 320L, 326L, 331L, 336L, 345L, 350L, 354L, 
357L, 362L, 370L, 374L, 379L, 385L, 387L, 393L, 399L, 404L, 409L
))

tswallow<-structure(list(nestbox = structure(1:35, .Label = c("AG_D8", 
"AG_E11", "AG_E7", "AG_E9", "AG_F10", "AG_F6", "AG_G11", "AG_G13", 
"AG_G7", "AG_H14", "AG_I13", "AG_I15", "AG_J16", "AG_J18", "AG_J20", 
"BG_B2", "BG_D4", "BG_D6", "BG_E1", "BG_F6", "HG_B4", "HG_X3", 
"HG_Y2", "LS_C5", "LS_D4", "LS_E5", "LS_F2", "LS_F4", "LS_G3", 
"LS_I3", "NB_C3", "OR_1A", "SP_B2", "SRB_D6", "SRB_H4"), class = "factor"), 
    femaletype.F = structure(c(1L, 2L, 2L, 1L, 1L, 1L, 2L, 3L, 
    2L, 1L, 2L, 2L, 1L, 1L, 2L, 2L, 1L, 1L, 3L, 3L, 2L, 1L, 2L, 
    3L, 1L, 1L, 2L, 2L, 2L, 1L, 1L, 2L, 1L, 1L, 1L), .Label = c("blue", 
    "brown", "intermediate"), class = "factor"), x.F = c(0.151976823, 
    0.21739913, 0.215767758, 0.164941556, 0.19032399, 0.172028086, 
    0.20975681, 0.162873876, 0.210136056, 0.134407616, 0.214012536, 
    0.210029601, 0.165185968, 0.164616292, 0.204576992, 0.190034214, 
    0.140990929, 0.149785474, 0.178259965, 0.178597308, 0.214844238, 
    0.154353676, 0.212189507, 0.175125778, 0.166777863, 0.168137769, 
    0.195795273, 0.180505712, 0.217058484, 0.146437199, 0.152613839, 
    0.183628682, 0.182710256, 0.16315041, 0.155281951),